[time]
heat_time=1.6000000000000001
water_into_time=2.6000000000000001
water_out_time=3.6000000000000001
open_door_time=4.5999999999999996
sesame_time=5.5999999999999996
sauce_time=6.5999999999999996
pepper_time=7.5999999999999996
